96 readings taken in 1000 microseconds. Values:

87 48 16 15 31 29 12 11 52 55 89 31 

19 16 46 23 58 18 22 31 14 2 22 21 

28 7 9 16 9 26 62 20 20 66 50 124 

4 42 3 51 58 20 50 32 32 60 1 28 

12 28 12 40 6 15 4 62 40 12 32 40 

28 28 69 41 25 7 26 42 29 8 9 86 

90 1 56 48 48 34 2 29 56 58 16 16 

26 12 54 22 66 1 23 51 45 58 2 68 



96 readings taken in 1000 microseconds. Values:

18 72 21 83 32 22 17 68 27 84 37 108 

71 12 26 6 0 16 44 103 113 45 76 42 

1 35 43 9 6 7 4 89 66 20 75 2 

82 13 56 28 18 42 25 22 24 45 7 26 

13 30 4 23 29 34 38 43 54 33 38 75 

