1
1
2
1
1
1
2
2
0
1
0
0
1
1
0
0
1
1
3
3
1
1
1
1
1
1
1
1
2
0
2
1
1
1
1
1
1
1
1
1
1
0
1
2
2
2
1
1
1
1
0
0
0
0
1
1
0
1
3
1
2
1
1
2
1
1
1
1
2
2
0
1
1
2
1
0
2
2
1
1
3
0
1
0
2
1
1
1
2
1
0
1
2
0
1
1
2
1
1
2
1
1
0
1
1
0
2
1
1
1
2
0
2
1
0
1
0
2
1
1
2
2
2
1
2
2
1
2
2
2
2
2
1
0
2
1
0
1
1
2
1
1
1
2
0
1
1
1
1
2
1
2
1
0
1
0
0
1
0
1
1
0
2
3
0
2
1
1
0
0
1
1
2
1
2
1
1
2
0
3
2
2
2
2
1
3
2
2
1
2
2
1
1
2
2
2
2
2
2
1
1
2
1
0
0
0
2
2
1
1
1
1
1
2
2
2
2
2
3
1
1
1
2
2
3
2
3
2
2
0
0
0
1
1
2
1
0
1
1
2
2
1
43
260
127
260
114
116
113
78
136
190
55
136
260
108
74
276
26
31
137
67
91
25
10
28
90
26
56
15
19
7
12
2
4
2
3
2
19
4
8
6
12
4
5
11
8
7
8
15
5
11
13
3
15
29
3
17
33
181
79
230
113
63
157
121
314
260
19
94
156
70
27
33
207
187
48
95
25
79
207
128
26
24
92
152
38
69
229
50
33
20
37
88
40
11
13
3
259
3
66
15
26
5
19
4
93
46
44
32
19
4
15
9
3
17
38
59
40
30
24
12
10
762
265
22
85
106
200
15
88
104
25
100
9
73
33
10
12
42
10
8
28
4
15
10
7
1
19
15
1
3
10
5
5
1
6
2
9
1
545
94
449
161
1
67
60
125
15
116
4
2
31
44
160
51
3
84
2
1
71
260
34
16
8
7
13
100
78
1
39
8
6
338
143
277
58
41
10
20
21
9
5
25
3
8
12
1
9
158
43
64
39
39
2
11
263
248
53
1
5
31
8
260
130
150
23
5
2
8
21
260
44
55
121
13
17
31
440
28
79
1
13
29
8
11
3
6
7
8
3
10
2
101
30
62
7
16
39
22
5
89
158
67
23
36
3
12
157
11
15
18
13
12
2
5
10
260
228
434
158
105
37
260
191
54
12
3
3
14
20
48
101
6
42
17
19
1
121
80
81
52
4
1
12
11
9
4
13
3
12
10
1
260
198
248
40
45
117
111
38
146
44
34
22
23
35
14
762
260
240
136
178
172
54
109
84
59
393
260
18
117
141
134
27
128
79
138
83
153
38
97
118
151
273
21
39
91
37
37
173
624
173
260
423
205
392
141
100
220
15
202
86
82
24
50
73
34
54
53
14
63
33
17
32
20
4
7
4
4
3
5
7
1
0
6
1
0
2
2
1
3
2
0
1
2
3
2
2
7
8
4
5
6
3
2
7
0
2
3
1
1
3
1
5
2
3
2
5
0
1
1
2
1
1
1
2
1
6
1
0
3
3
1
1
4
3
3
1
5
4
3
5
8
4
5
1
3
2
4
2
2
2
2
3
0
1
3
8
7
1
9
7
9
2
3
8
1
2
13
5
6
4
1
9
3
5
3
8
1
13
7
20
4
3
0
7
14
18
1
4
4
12
2
5
11
1
5
8
17
0
2
5
2
0
0
3
2
1
2
1
3
69
5
1
4
0
0
5
1
5
0
4
0
2
1
5
5
3
12
1
0
0
1
3
0
2
10
2
4
2
6
3
4
0
5
3
1
3
0
4
1
3
2
9
2
4
0
1
4
10
2
0
2
0
2
1
4
5
4
4
0
5
3
2
5
2
4
6
3
3
5
3
1
1
3
152
260
464
260
121
219
31
168
137
14
592
229
260
424
209
260
493
42
108
126
310
71
276
20
138
40
246
32
260
168
111
62
92
111
90
12
16
20
70
30
35
51
53
55
6
5
1
14
260
3
30
17
27
15
144
44
21
7
11
19
290
213
17
67
14
17
12
5
133
163
122
16
3
2
57
131
63
4
9
3
15
7
106
69
4
3
22
3
8
52
31
62
35
1
24
1
27
9
17
16
2
5
11
129
209
30
20
19
16
260
115
48
49
33
4
4
64
3
63
6
11
15
0
23
51
144
24
15
3
10
245
260
65
7
9
6
8
77
82
14
12
4
3
15
5
192
53
38
4
4
6
26
16
24
33
23
2
13
121
142
131
43
8
9
8
182
95
10
8
21
5
14
299
35
15
33
21
6
150
23
14
4
7
260
6
4
187
80
17
4
4
107
69
75
2
5
5
1
260
140
195
7
17
31
12
127
48
33
25
17
12
9
162
23
16
42
23
12
212
5
13
4
17
4
3
52
147
23
21
16
10
13
149
35
33
15
2
7
38
37
89
22
5
1
1
9
97
5
21
2
1
283
86
53
4
25
8
5
190
82
21
29
14
4
0
18
10
109
27
25
17
1
16
357
80
74
25
14
8
202
103
62
10
1
12
4
14
70
175
2
6
21
0
5
211
38
1
15
1
17
8
136
159
19
11
7
15
216
197
156
70
20
1
1
8
60
7
39
9
1
8
195
83
25
31
34
15
15
8
235
180
3
0
8
10
3
260
5
92
92
22
2
190
242
172
50
65
13
44
260
260
12
118
87
25
65
52
21
8
10
3
36
11
2
20
132
127
61
18
63
12
34
7
118
133
92
56
184
47
31
68
260
257
328
260
37
28
13
479
286
102
30
17
15
11
65
69
124
17
31
20
44
182
47
18
24
24
2
25
115
138
40
34
56
15
33
17
177
142
65
48
3
4
5
219
175
8
105
17
14
11
9
7
2
7
6
1
3
91
81
109
28
14
19
24
260
205
83
38
2
14
2
133
192
7
20
10
11
2
260
208
241
19
2
3
18
260
10
35
13
2
3
5
183
38
8
16
9
12
4
237
245
43
43
10
15
7
260
9
1
51
45
13
11
27
105
120
74
50
4
12
6
456
156
15
67
74
25
54
260
64
58
575
83
203
99
208
258
90
26
55
18
45
38
21
33
18
4
28
18
2
100
148
1
24
6
10
260
250
68
154
160
10
28
312
260
100
40
97
77
51
48
143
80
15
4
39
120
18
110
44
24
10
10
22
233
70
59
54
8
0
15
63
107
187
141
40
0
2
109
173
21
26
13
23
20
260
71
126
111
15
22
1
55
25
160
5
40
1
9
27
10
9
8
2
4
163
275
185
130
30
9
7
2
211
192
56
246
60
71
36
45
15
4
153
50
104
31
260
185
4
762
260
260
173
260
395
8
159
19
233
84
34
109
37
58
7
124
21
5
21
14
248
68
76
167
17
18
25
13
251
215
59
46
62
5
1
166
85
78
87
73
0
13
260
250
75
82
5
27
7
9
192
213
15
67
12
33
16
7
13
10
14
9
1
4
2
8
1
12
2
4
7
2
325
110
167
58
130
246
48
156
157
219
183
186
102
236
40
8
175
260
264
51
30
6
146
119
71
22
38
8
5
9
2
111
121
76
23
25
260
241
5
0
59
9
14
135
59
27
16
10
4
4
6
132
19
73
49
7
19
132
37
67
13
8
45
8
2
58
109
38
2
3
13
17
25
11
15
3
1
1
1
247
260
55
33
28
11
260
86
23
140
23
12
23
16
412
117
13
2
39
13
17
170
103
266
173
248
26
259
155
576
260
59
278
73
81
229
53
260
150
183
186
73
16
260
68
6
28
8
30
20
95
184
0
74
18
39
3
210
125
54
109
24
37
2
260
11
3
60
17
25
4
9
220
137
43
50
31
13
28
260
1
2
11
1
1
0
1
0
3
7
13
0
2
1
3
183
324
17
88
141
189
45
27
13
65
60
16
1
18
65
16
2
260
73
10
28
80
42
39
2
101
197
156
62
2
24
6
146
260
60
31
71
6
29
406
219
92
25
66
27
20
13
151
62
17
31
0
23
3
1
195
50
12
74
11
17
3
228
166
34
8
12
24
23
7
5
210
60
1
46
2
0
1
260
96
35
3
13
1
14
260
50
9
16
11
17
8
116
69
0
53
10
16
14
4
236
210
31
51
21
5
15
13
112
96
58
29
30
4
260
34
15
3
18
10
369
119
249
57
29
1
9
2
1
62
117
132
45
51
7
79
39
13
23
1
14
75
132
39
3
17
5
139
96
1
4
26
14
241
79
145
10
54
95
72
0
35
7
19
22
125
126
17
0
5
118
54
53
9
38
391
86
132
21
14
210
70
7
18
5
260
106
103
1
9
3
171
129
62
23
18
10
107
65
18
18
2
13
36
11
16
15
15
10
20
47
5
17
0
40
19
8
1
51
144
108
19
180
10
35
4
1
23
92
55
148
26
8
212
124
86
40
9
97
33
18
9
27
213
72
4
8
5
10
180
72
61
29
6
52
9
81
7
18
4
260
116
104
3
24
59
123
7
4
2
235
194
59
19
23
20
119
20
46
35
23
0
181
107
94
40
28
36
28
17
11
4
42
45
42
4
10
2
96
28
4
14
2
60
306
72
9
10
80
11
53
11
0
186
79
38
28
7
20
113
57
24
4
73
40
111
45
29
364
124
97
14
2
10
16
211
61
32
14
5
143
57
16
3
17
150
114
15
30
34
98
32
0
16
9
67
217
260
68
31
420
210
227
68
25
138
100
260
17
222
435
104
213
107
103
159
95
20
204
98
65
221
196
92
61
103
72
36
38
91
1
74
44
27
10
17
3
39
5
27
26
41
37
35
28
10
13
1
9
10
3
5
762
79
260
244
155
232
299
292
167
204
62
151
46
5
10
2
5
10
9
4
6
3
1
3
3
3
1
3
4
4
1
2
3
2
260
260
260
762
258
762
762
762
502
236
260
762
499
28
158
762
260
260
266
260
15
260
315
184
203
17
138
284
24
174
376
269
42
70
63
260
84
47
51
81
15
80
74
260
35
260
249
234
514
762
260
260
260
319
7
260
260
422
260
501
274
204
232
195
263
616
260
92
260
221
136
61
126
157
51
238
225
155
218
194
10
149
27
56
34
224
175
202
10
40
18
15
8
52
79
105
29
2
54
5
13
27
44
12
8
66
63
49
3
36
32
0
25
7
5
7
2
4
5
2
7
4
8
4
6
225
260
260
39
260
548
5
260
54
550
703
243
495
219
639
202
265
638
175
9
133
52
212
227
260
320
146
159
260
53
258
114
32
85
113
453
181
65
210
100
247
160
26
28
109
99
50
83
102
122
134
98
5
42
51
74
10
0
17
45
46
52
36
0
57
65
21
90
1
10
23
18
13
24
38
8
12
9
8
30
9
12
64
26
10
21
33
77
22
58
66
11
9
59
11
9
14
4
3
11
4
10
23
6
41
9
2
6
26
15
9
9
12
7
6
62
34
46
41
79
17
54
9
16
19
7
11
6
5
8
5
4
235
168
119
42
27
16
47
9
35
54
68
260
37
31
38
8
30
38
17
38
3
81
166
58
34
7
31
26
56
126
18
34
12
0
6
19
9
8
11
3
0
248
44
11
12
4
14
17
1
6
5
2
2
1
3
3
3
6
2
91
369
54
7
31
20
29
4
10
8
10
8
6
2
7
2
28
24
24
20
21
1
2
6
3
2
6
0
7
3
0
4
3
0
2
116
83
129
27
3
16
6
2
1
1
2
3
2
4
7
2
6
17
183
107
37
13
1
11
5
3
3
5
2
0
3
6
1
3
2
1
5
249
140
95
21
41
16
0
3
5
0
0
3
10
10
3
1
0
5
3
0
110
15
7
107
25
4
7
4
11
1
2
4
0
0
1
0
1
1
0
1
0
0
0
2
1
76
307
39
0
7
4
11
12
12
6
0
1
6
2
2
3
1
1
0
1
