0
0
1
0
1
0
0
1
0
0
0
0
0
0
2
0
0
0
1
1
0
2
0
1
1
0
1
1
2
1
1
0
1
1
1
1
0
0
0
0
1
0
1
0
1
0
1
1
1
1
1
1
1
0
1
0
1
0
0
0
1
0
1
1
1
1
0
1
1
1
0
1
1
8
3
5
3
1
1
1
1
1
1
1
2
2
2
0
0
1
2
0
2
2
0
0
1
0
1
0
0
2
1
2
1
1
0
2
2
1
2
2
1
0
2
1
1
2
0
0
0
0
1
0
0
1
0
1
0
1
0
1
1
1
1
2
1
1
1
0
1
2
2
1
1
1
1
0
0
1
0
0
1
1
1
1
1
0
0
1
0
1
1
0
1
1
0
0
1
1
1
1
0
1
1
1
1
1
0
1
2
1
1
1
1
0
1
1
1
1
0
1
1
0
1
0
0
0
0
1
1
1
1
0
1
2
0
0
2
1
1
2
1
1
0
1
1
1
1
1
0
0
0
0
1
0
1
1
1
0
1
0
1
0
2
1
1
0
0
0
1
2
2
1
3
1
2
1
1
2
1
2
1
1
1
0
0
0
1
1
0
1
0
1
1
1
1
1
0
1
1
0
0
1
2
1
1
1
1
0
0
0
0
0
0
1
0
0
1
1
1
0
0
1
0
1
1
1
2
0
1
1
1
0
1
1
1
0
0
0
0
1
0
1
1
1
0
1
1
1
1
1
1
1
0
1
1
0
2
1
0
0
0
1
1
1
1
0
1
2
1
1
2
2
1
1
1
0
1
1
2
1
0
0
1
1
0
0
0
0
1
1
1
0
1
1
1
1
0
1
1
0
1
1
1
1
1
1
2
1
0
0
1
0
1
0
1
0
1
1
0
0
1
0
0
1
1
2
0
0
1
0
1
1
1
0
2
0
0
1
1
1
0
0
0
1
1
0
0
1
1
0
0
0
1
1
0
1
1
1
1
0
0
0
1
0
1
1
1
1
1
0
1
1
1
1
0
2
1
1
1
0
0
1
0
0
0
0
1
0
1
1
1
1
1
1
1
1
1
1
1
1
0
0
1
1
1
1
1
2
1
1
1
1
1
234
7
24
15
6
10
5
3
2
1
2
2
1
0
1
0
0
1
1
2
1
1
1
2
1
0
2
2
1
1
2
2
1
1
0
0
1
1
2
1
0
1
1
1
0
1
0
0
2
0
1
0
0
0
1
1
1
1
1
0
0
0
1
1
0
1
1
1
0
1
1
2
1
2
1
1
1
0
1
1
2
0
1
1
0
0
0
0
0
1
1
0
0
1
1
1
1
1
0
0
1
0
1
1
1
0
1
1
1
0
1
0
1
0
1
2
0
1
0
1
0
1
0
1
0
1
2
1
1
0
0
0
0
0
2
0
2
3
2
0
1
1
0
0
1
1
0
1
0
0
0
1
1
0
1
1
1
1
1
0
1
0
1
0
0
1
1
1
1
0
1
1
1
1
1
1
0
0
0
1
1
1
1
1
0
1
1
0
0
55
202
28
8
9
2
12
57
93
131
76
18
11
5
96
32
96
3
2
1
0
525
260
137
65
29
1
2
0
0
0
1
3
0
2
0
2
1
1
0
1
1
0
0
2
1
0
1
545
66
25
19
260
5
15
17
165
155
84
5
12
6
27
1
25
8
1
259
51
43
31
4
7
2
5
3
2
0
1
1
1
2
3
0
1
2
1
180
31
48
14
217
38
11
10
234
35
15
12
4
61
12
38
3
113
260
26
43
16
4
2
2
3
0
1
2
2
0
1
1
0
0
151
46
30
14
21
99
2
223
152
9
1
4
39
1
50
8
6
225
260
152
34
4
5
3
4
4
1
2
1
1
1
0
1
1
1
11
54
132
48
11
88
114
24
39
145
34
2
7
147
80
42
4
6
4
551
342
31
33
12
0
0
3
2
1
1
1
1
1
1
3
1
0
1
0
2
1
1
0
0
0
1
0
0
0
3
2
24
6
1
0
2
1
33
109
86
29
16
0
1
1
5
2
3
1
1
1
1
0
4
1
8
1
1
3
4
1
1
1
119
328
37
148
44
33
13
2
2
6
13
4
2
1
1
1
2
2
0
1
1
1
1
0
1
260
98
115
177
12
9
3
1
2
3
17
0
3
3
3
0
0
72
151
1
88
19
1
0
2
762
135
9
19
5
3
6
1
28
17
1
1
1
2
0
1
605
174
62
65
1
3
3
0
151
4
22
13
4
1
1
2
4
6
3
7
3
2
1
1
143
652
130
94
10
3
1
0
2
1
3
2
13
1
3
3
1
351
15
27
46
9
12
1
2
2
2
2
7
2
1
1
3
2
1
3
7
1
4
4
1
0
2
4
127
68
12
23
30
12
5
5
1
5
2
11
0
0
1
3
4
0
2
0
0
1
2
2
106
90
23
2
12
119
28
16
11
8
25
17
3
5
3
2
0
3
2
255
260
260
113
22
2
3
4
1
119
37
83
13
2
1
0
1
25
14
2
2
1
3
2
0
2
179
260
57
16
9
0
1
111
151
54
80
34
11
4
7
10
16
21
16
5
7
22
4
260
230
70
41
5
17
3
5
0
4
30
6
3
8
8
2
4
9
2
38
260
19
77
94
665
37
84
23
762
545
210
260
32
71
25
1
9
260
572
122
132
61
7
6
7
762
323
412
79
70
36
32
14
260
284
185
18
19
27
16
0
9
15
10
9
5
2
3
2
260
98
31
102
133
17
8
4
3
3
13
1
3
1
2
1
5
0
0
2
0
0
2
1
0
1
1
1
2
1
0
30
99
260
37
9
4
1
10
1
3
1
6
2
15
4
1
3
0
2
0
1
1
1
1
0
0
1
1
1
260
511
60
134
1
28
15
3
0
11
1
9
17
6
1
5
1
4
3
0
3
1
3
28
107
191
51
7
2
0
1
3
4
2
3
2
2
1
2
3
1
2
0
1
1
0
1
1
1
0
2
229
536
195
115
30
32
12
8
6
260
260
97
56
73
1
260
158
98
5
260
291
106
26
39
18
12
8
17
212
1
72
84
29
16
5
260
43
134
89
153
3
14
1
3
5
6
15
3
1
2
2
1
4
8
4
664
260
96
35
56
51
9
10
3
10
12
2
11
4
5
5
2
0
9
0
0
0
0
1
1
47
180
14
57
34
1
2
2
2
6
10
3
0
1
0
0
1
182
65
66
128
2
9
0
2
11
1
15
9
3
6
3
3
2
239
84
182
127
23
6
2
2
3
260
381
14
5
107
52
16
3
15
194
260
142
45
34
7
8
0
18
17
12
1
4
3
1
131
85
11
20
23
6
10
1
2
6
15
5
2
2
1
2
1
2
15
3
4
1
1
3
2
2
1
56
260
158
32
48
24
21
3
2
2
9
20
2
2
3
1
4
9
3
0
0
1
0
1
260
43
199
16
8
693
65
25
10
1
4
0
26
1
12
2
4
1
1
1
9
405
58
183
27
2
0
6
91
97
3
23
49
23
11
1
30
9
18
1
1
1
1
2
1
0
762
37
45
125
5
4
3
4
273
103
178
62
39
14
1
3
1
5
24
7
11
5
0
2
1
382
134
26
20
20
6
4
2
3
2
0
22
11
1
7
3
0
341
166
5
41
3
6
8
6
1
7
3
8
2
0
3
1
2
1
1
8
7
2
3
1
3
1
0
95
199
160
5
33
3
11
4
1
3
5
1
4
5
5
0
0
3
3
1
3
0
0
1
1
28
214
47
10
6
2
302
201
30
2
0
4
11
3
26
3
1
2
2
54
243
101
68
34
2
3
4
2
232
390
78
40
6
7
7
1
9
16
13
3
1
1
1
3
0
762
199
216
140
16
3
1
3
56
91
15
43
17
0
7
1
2
8
25
29
5
2
3
2
1
306
160
16
56
4
2
4
3
3
3
9
13
8
2
8
0
2
260
217
90
33
23
12
4
1
4
10
0
10
2
8
0
0
0
0
12
3
21
5
2
1
3
0
2
450
154
211
7
38
16
3
1
0
3
38
2
2
7
1
2
1
4
3
1
1
0
0
1
1
433
156
4
22
11
260
218
25
39
3
6
17
17
17
5
5
0
1
1
287
8
32
20
18
3
1
758
336
87
25
31
9
1
1
5
14
1
8
5
1
5
3
1
762
260
215
198
43
11
1
2
0
172
55
56
51
16
4
0
1
4
0
69
50
6
10
18
7
4
302
258
41
35
29
201
240
70
67
1
260
105
46
44
8
7
2
3
76
749
101
97
77
31
4
12
3
395
260
260
154
21
9
11
23
1
2
12
2
0
0
0
2
1
1
0
13
291
260
27
134
42
57
9
9
6
48
2
8
9
3
6
1
4
12
1
1
1
0
0
1
1
388
19
105
20
19
1
7
6
5
1
12
0
0
0
1
0
0
0
223
58
6
137
25
1
6
2
6
41
20
5
1
0
3
0
4
6
260
90
20
2
1
3
4
3
260
27
90
189
8
4
7
0
155
260
246
222
106
37
17
12
3
18
11
11
1
1
1
1
1
762
70
168
165
3
14
6
1
3
1
3
2
6
4
7
4
3
0
37
32
16
39
10
7
3
1
4
9
9
2
2
4
1
0
1
6
6
2
2
2
0
1
1
0
1
260
260
133
190
61
23
11
3
6
4
5
4
9
6
5
1
0
12
0
4
1
0
1
1
1
42
237
14
12
4
3
86
181
77
17
3
4
6
31
3
5
2
2
1
1
132
84
140
117
37
2
3
0
87
202
70
107
12
11
9
12
3
16
7
3
0
1
1
1
1
1
41
133
164
86
30
22
0
2
1
177
151
10
2
3
6
3
0
2
10
2
2
1
1
1
0
91
260
166
73
2
4
2
3
3
0
7
8
10
6
1
0
1
1
375
136
24
25
14
9
1
1
4
4
6
7
2
3
3
2
1
2
3
7
12
4
1
2
1
2
1
554
10
134
108
34
32
10
14
3
1
9
17
15
1
4
1
2
2
7
5
1
0
0
0
0
110
164
91
27
13
3
751
187
12
18
15
1
0
19
3
6
9
0
1
1
601
2
42
61
26
13
1
1
3
118
50
147
61
16
8
11
9
3
5
22
0
4
2
2
0
2
2
260
5
43
18
21
3
3
5
142
53
90
14
77
2
3
0
0
9
3
4
3
1
2
2
1
260
260
71
94
15
7
1
1
5
1
6
20
12
10
1
2
0
1
371
216
7
147
46
3
7
3
2
10
10
2
1
1
3
0
1
5
1
3
4
4
2
4
0
1
0
1
64
393
155
24
18
8
16
5
5
10
24
4
7
3
1
0
0
2
5
3
1
1
2
0
0
732
79
80
52
7
3
4
260
19
173
5
0
8
30
2
12
2
3
3
0
1
260
260
182
27
38
8
2
1
23
3
26
18
23
4
4
8
2
7
10
6
6
1
0
1
0
260
573
225
158
61
19
3
1
1
172
13
87
70
8
7
1
1
2
6
10
21
9
4
5
5
5
3
245
260
184
11
260
9
105
107
30
260
261
99
11
73
29
18
4
210
43
119
196
118
38
78
27
13
3
260
525
347
124
62
52
0
2
3
10
1
1
0
6
2
4
1
14
762
656
68
198
54
13
14
8
5
10
14
1
4
10
8
1
7
12
1
3
2
1
2
0
260
313
83
22
5
7
0
0
4
2
1
10
16
2
4
6
3
3
762
205
49
44
29
16
4
1
0
0
9
0
5
2
7
8
0
14
3
762
146
101
19
14
10
1
3
139
260
149
61
27
47
27
9
5
423
762
314
69
30
51
1
3
0
104
98
16
36
26
15
6
14
47
145
28
21
2
10
16
11
17
4
6
97
66
35
21
1
5
12
52
8
1
3
17
11
27
0
5
3
20
25
11
0
1
4
3
2
2
2
18
6
0
4
2
0
3
260
212
260
762
56
242
50
6
9
16
11
8
10
7
5
3
2
1
2
0
3
2
3
0
1
0
0
11
7
31
50
26
4
24
13
4
29
10
26
4
2
5
1
3
29
4
61
28
4
7
2
25
2
8
2
0
2
5
3
1
7
10
9
31
7
2
3
1
2
1
2
103
211
64
32
33
46
3
13
2
2
9
15
3
2
2
2
2
4
3
2
2
1
2
1
1
12
2
27
52
14
21
13
5
0
8
56
80
51
21
24
10
6
23
65
34
11
6
8
15
9
58
18
9
22
7
18
13
2
11
6
5
4
0
1
0
2
1
2
5
92
260
83
10
27
5
14
6
4
9
18
1
5
2
3
3
1
1
3
0
1
0
0
1
22
66
83
5
18
13
17
13
18
2
4
7
0
2
2
5
1
1
76
9
2
77
44
36
7
19
3
24
8
4
6
0
6
1
10
14
11
7
4
1
1
1
3
4
90
143
74
149
134
50
18
5
2
2
38
5
11
2
3
4
1
2
63
126
84
62
26
11
4
762
62
96
76
132
3
17
5
5
26
1
2
9
5
2
2
3
260
260
49
204
13
16
12
13
0
10
4
3
7
1
3
3
6
18
5
4
1
0
2
4
0
1
3
260
75
137
20
64
14
6
1
12
10
15
6
2
2
1
1
3
8
7
4
3
3
3
2
19
63
13
4
6
3
3
34
8
31
28
0
51
6
24
8
1
9
13
29
28
4
3
12
9
14
14
0
0
2
3
8
6
4
14
1
0
4
7
3
1
0
1
247
260
298
30
12
6
15
4
3
1
5
27
12
3
1
2
0
3
1
3
4
0
3
0
1
260
50
151
21
29
12
5
5
1
4
28
20
16
1
0
3
4
0
451
37
159
41
56
3
3
0
10
10
0
4
4
1
1
1
3
8
7
1
7
5
2
3
3
257
177
260
115
19
9
28
9
573
260
263
213
23
260
46
76
65
125
260
159
338
195
98
33
13
12
762
260
242
248
141
26
7
21
2
113
762
127
260
180
17
8
4
6
10
4
4
2
2
16
19
2
28
260
222
55
155
99
44
22
0
19
7
42
15
0
3
3
1
260
56
105
44
2
14
9
1
269
260
186
48
77
2
8
6
35
204
63
198
111
2
0
1
10
3
260
260
108
54
132
37
2
13
32
1
8
4
2
1
1
5
1
477
179
149
64
19
4
1
8
4
5
8
2
1
0
1
1
7
5
11
8
3
2
1
0
1
0
762
211
17
100
102
31
11
10
2
11
2
17
5
0
2
3
1
1
1
3
4
1
0
442
74
209
3
13
6
13
260
260
8
30
8
7
31
22
1
4
1
3
260
260
260
6
30
4
10
1
2
1
14
16
6
2
2
2
2
1
1
9
3
2
2
1
1
2
1
260
191
184
87
4
38
11
8
0
2
44
15
5
3
1
2
1
2
708
260
103
67
39
15
6
0
148
260
31
30
31
9
13
2
2
19
3
5
7
12
3
0
2
260
260
191
28
53
19
5
3
5
260
340
122
90
50
23
20
6
1
17
9
2
9
3
0
1
3
3
260
94
83
53
1
5
8
1
260
60
320
92
39
31
5
2
1
1
3
54
72
28
24
7
4
0
195
583
207
35
19
228
99
238
205
60
260
178
168
152
54
36
12
7
2
260
260
220
389
44
15
9
9
3
260
677
124
260
178
34
15
11
8
0
2
5
4
3
18
1
1
13
47
107
556
166
260
131
52
2
5
2
9
21
3
5
5
8
0
762
240
260
44
7
12
2
1
2
7
12
2
2
4
2
3
0
1
28
49
93
59
11
14
10
2
11
260
426
144
61
10
7
2
6
0
5
1
11
4
1
3
2
1
10
8
6
4
6
1
4
1
5
2
587
54
172
66
13
45
2
1
7
17
10
16
13
3
2
1
1
2
3
4
4
1
0
2
141
260
239
22
79
14
6
5
2
2
49
78
41
24
6
9
3
260
25
202
76
260
266
395
109
77
48
260
177
28
26
26
2
260
178
410
35
135
260
35
57
260
42
223
260
379
195
31
71
28
9
0
4
5
5
0
0
2
3
2
1
2
3
35
11
13
2
0
3
2
1
762
260
42
260
31
25
2
23
1
5
3
3
5
5
3
5
3
3
3
3
1
2
15
60
9
0
11
0
3
1
4
2
2
94
260
204
283
13
27
12
5
2
3
2
3
1
1
1
1
0
1
4
4
19
2
3
0
2
3
1
3
1
21
18
47
26
15
33
29
30
9
27
6
11
42
7
29
20
15
7
3
3
27
25
4
3
1
4
3
2
4
1
5
14
32
45
3
21
12
4
23
9
5
1
12
0
1
2
5
7
5
4
28
12
3
9
3
9
2
1
4
3
29
0
5
16
22
14
3
0
4
1
14
4
10
8
4
7
4
4
19
3
3
1
5
2
0
1
1
3
0
1
11
14
103
150
72
69
23
3
4
34
8
6
39
6
4
10
2
12
8
18
2
4
14
38
22
10
8
10
5
5
2
1
3
1
0
1
0
3
1
2
3
2
1
2
2
22
22
34
3
7
6
2
1
2
2
2
2
4
3
1
0
1
1
0
1
1
0
1
1
0
2
3
1
0
1
1
2
2
2
1
1
0
0
0
762
163
43
57
66
43
0
7
3
0
0
2
3
1
1
1
0
1
0
0
1
1
1
1
0
1
0
2
264
306
262
113
58
23
11
7
3
4
5
1
2
2
0
1
0
2
78
232
23
1
3
9
1
1
1
1
1
15
18
5
1
1
4
1
0
0
13
2
3
5
2
2
2
0
2
260
224
60
92
13
34
11
10
2
4
3
0
1
0
1
1
12
1
26
5
3
1
1
1
1
1
0
0
0
1
1
1
3
1
2
1
2
15
7
5
4
1
1
2
1
1
1
1
3
0
1
0
0
1
0
2
1
0
0
0
0
0
1
0
1
1
1
1
0
0
1
1
1
2
1
0
260
260
254
38
9
9
2
6
1
3
1
3
1
1
1
0
0
0
0
0
0
1
0
0
0
0
1
0
260
260
326
114
10
4
7
4
5
1
1
1
2
1
0
1
2
2
260
260
260
82
63
1
9
2
4
1
1
16
12
2
2
0
0
1
0
19
7
0
3
1
2
2
260
762
144
142
93
55
7
11
5
1
0
1
4
3
1
1
2
24
260
260
1
148
13
1
6
4
23
260
318
208
48
66
26
5
6
35
3
2
0
1
1
1
1
1
0
1
1
0
1
0
1
0
0
0
1
1
1
1
1
1
1
2
1
1
0
0
1
0
1
1
1
2
1
1
1
1
0
0
1
1
1
4
1
5
3
7
1
1
3
32
5
3
0
0
3
0
3
7
5
2
4
2
3
1
2
1
1
1
1
0
1
1
2
1
1
1
1
1
1
0
1
1
0
1
2
2
1
1
0
1
0
1
0
0
0
0
1
0
2
0
1
0
0
1
1
1
0
1
1
0
0
0
2
0
0
1
0
1
1
2
0
0
1
1
0
0
1
1
1
1
2
0
0
1
1
1
0
1
1
0
1
1
0
1
0
0
0
1
0
0
1
1
1
0
2
2
0
